34.73 16.19 64.81 34.73 16.19 64.81 34.73 16.19 64.81
8.36 86.76 80.03 8.36 86.76 80.03 8.36 86.76 80.04
76.88 34.94 51.62 76.88 34.94 51.63 76.88 34.94 51.63
13.46 68.20 78.59 13.46 68.20 78.59 13.46 68.20 78.59
78.06 98.18 58.23 78.07 98.19 58.23 78.06 98.19 58.23
20.55 80.85 6.95 20.55 80.86 6.95 20.55 80.86 6.95
20.95 13.93 9.22 20.95 13.93 9.22 20.95 13.93 9.22
66.50 87.70 52.02 66.50 87.70 52.02 66.50 87.70 52.02
14.64 32.22 21.20 14.64 32.22 21.20 14.64 32.22 21.20
25.03 15.82 59.20 25.03 15.82 59.21 25.03 15.83 59.21
42.62 68.44 85.07 42.62 68.44 85.07 42.62 68.44 85.07
58.36 76.84 80.87 58.36 76.84 80.87 58.36 76.84 80.87
23.16 15.71 73.13 23.17 15.71 73.14 23.16 15.71 73.13
13.14 71.87 71.17 13.14 71.87 71.17 13.14 71.87 71.17
30.57 17.90 38.98 30.58 17.90 38.98 30.57 17.90 38.98
57.37 26.51 11.33 57.37 26.52 11.33 57.37 26.51 11.33
51.53 25.71 53.60 51.53 25.71 53.60 51.53 25.71 53.60
19.87 56.00 97.48 19.87 56.00 97.48 19.87 56.00 97.48
87.66 36.03 44.42 87.66 36.03 44.42 87.66 36.03 44.42
55.52 27.87 44.53 55.52 27.87 44.53 55.52 27.87 44.53
74.55 33.17 46.09 74.55 33.17 46.09 74.55 33.17 46.09
33.54 20.28 67.94 33.54 20.28 67.94 33.54 20.29 67.94
85.75 86.98 12.71 85.75 86.98 12.71 85.75 86.98 12.71
52.40 98.25 14.17 52.40 98.25 14.17 52.40 98.25 14.17
82.66 18.30 84.96 82.66 18.30 84.97 82.66 18.30 84.96
71.84 90.51 44.48 71.84 90.51 44.48 71.84 90.51 44.48
61.24 93.20 74.51 61.24 93.20 74.51 61.24 93.20 74.51
47.89 68.59 40.51 47.89 68.59 40.51 47.89 68.59 40.51
79.83 61.57 89.92 79.83 61.57 89.92 79.83 61.57 89.92
91.68 79.21 60.95 91.68 79.21 60.95 91.68 79.21 60.95
7.94 60.88 95.59 7.94 60.88 95.59 7.94 60.88 95.59
60.68 48.57 75.49 60.68 48.57 75.50 60.68 48.57 75.50
44.28 95.31 75.42 44.28 95.31 75.42 44.28 95.31 75.42
3.83 29.09 5.43 3.83 29.10 5.43 3.83 29.10 5.43
29.10 50.18 52.56 29.10 50.18 52.56 29.10 50.18 52.56
79.65 20.92 67.32 79.66 20.92 67.32 79.65 20.92 67.32
48.34 37.91 9.67 48.34 37.91 9.67 48.34 37.91 9.67
86.94 98.35 25.54 86.94 98.35 25.55 86.94 98.35 25.55
38.81 81.68 58.05 38.81 81.68 58.06 38.81 81.68 58.06
74.37 88.58 95.53 74.37 88.59 95.53 74.37 88.58 95.53
19.27 79.26 73.75 19.27 79.26 73.75 19.27 79.26 73.75
56.14 25.34 45.62 56.14 25.34 45.62 56.14 25.34 45.62
80.69 81.51 49.40 80.69 81.51 49.40 80.69 81.51 49.40
44.95 89.11 67.21 44.95 89.11 67.21 44.95 89.11 67.21
10.13 4.01 83.51 10.13 4.01 83.51 10.13 4.01 83.51
20.92 15.19 63.26 20.93 15.19 63.26 20.92 15.19 63.26
36.04 32.72 29.64 36.04 32.72 29.64 36.04 32.72 29.64
28.22 45.37 80.32 28.23 45.37 80.32 28.22 45.37 80.32
19.36 80.61 78.10 19.37 80.61 78.10 19.36 80.61 78.10
96.59 70.33 45.24 96.59 70.33 45.25 96.59 70.33 45.25
1.29 66.57 80.61 1.29 66.57 80.61 1.29 66.57 80.61
25.00 95.02 42.64 25.00 95.02 42.64 25.00 95.02 42.64
62.14 76.70 38.26 62.14 76.70 38.26 62.14 76.71 38.26
34.30 62.00 5.85 34.30 62.00 5.85 34.30 62.00 5.86
52.91 51.98 85.22 52.91 51.98 85.22 52.91 51.98 85.22
70.19 93.73 20.85 70.19 93.73 20.85 70.19 93.73 20.85
28.85 60.90 2.65 28.85 60.90 2.65 28.85 60.90 2.65
66.76 96.75 8.92 66.76 96.76 8.92 66.76 96.75 8.92
68.53 50.11 34.17 68.53 50.11 34.17 68.53 50.11 34.17
75.48 23.06 89.70 75.48 23.06 89.70 75.48 23.06 89.70
92.60 19.79 89.29 92.60 19.79 89.29 92.60 19.79 89.29
20.62 37.52 42.92 20.62 37.52 42.92 20.62 37.52 42.92
22.54 1.81 14.84 22.54 1.81 14.84 22.54 1.81 14.84
10.48 36.90 65.87 10.48 36.90 65.87 10.48 36.90 65.87
15.17 56.97 93.02 15.17 56.97 93.02 15.17 56.97 93.02
11.61 67.90 50.77 11.62 67.91 50.77 11.61 67.91 50.77
24.75 43.16 6.19 24.75 43.16 6.19 24.75 43.16 6.19
31.01 19.37 89.25 31.01 19.37 89.25 31.01 19.37 89.25
0.09 52.22 2.82 0.10 52.22 2.82 0.09 52.23 2.82
28.22 22.11 75.38 28.22 22.12 75.38 28.22 22.11 75.38
73.46 51.36 61.31 73.46 51.36 61.31 73.46 51.36 61.31
38.21 39.10 3.56 38.21 39.10 3.56 38.21 39.10 3.56
38.49 13.26 68.14 38.49 13.26 68.14 38.49 13.26 68.14
59.86 58.74 11.69 59.86 58.75 11.69 59.86 58.75 11.69
69.97 47.29 63.01 69.97 47.29 63.01 69.97 47.29 63.01
39.21 7.14 47.43 39.21 7.14 47.43 39.21 7.14 47.43
39.52 14.66 47.02 39.52 14.66 47.02 39.52 14.66 47.02
89.95 34.79 39.35 89.95 34.79 39.36 89.95 34.79 39.36
80.37 89.45 80.30 80.37 89.45 80.31 80.37 89.45 80.30
19.71 18.95 62.52 19.71 18.95 62.52 19.71 18.95 62.52
7.29 15.79 84.28 7.29 15.79 84.28 7.29 15.79 84.28
91.64 91.14 88.13 91.64 91.14 88.13 91.64 91.14 88.13
44.21 53.07 37.82 44.21 53.07 37.82 44.21 53.07 37.82
87.24 70.54 39.05 87.24 70.54 39.05 87.24 70.54 39.05
38.12 27.40 47.54 38.13 27.40 47.54 38.12 27.40 47.54
44.34 98.05 9.17 44.34 98.05 9.17 44.34 98.06 9.17
57.36 22.38 99.11 57.36 22.38 99.11 57.36 22.38 99.11
2.05 32.37 96.78 2.05 32.37 96.78 2.05 32.37 96.78
71.72 0.17 84.74 71.72 0.17 84.74 71.72 0.17 84.75
64.84 79.40 18.62 64.84 79.40 18.62 64.84 79.40 18.62
49.61 43.07 3.18 49.61 43.07 3.18 49.61 43.07 3.18
46.30 49.68 20.19 46.30 49.69 20.20 46.30 49.68 20.20
6.10 63.96 72.61 6.10 63.96 72.61 6.10 63.96 72.61
25.29 70.22 75.68 25.29 70.22 75.68 25.29 70.22 75.68
61.09 92.31 33.74 61.09 92.31 33.74 61.09 92.31 33.74
18.15 33.73 27.57 18.15 33.73 27.57 18.15 33.73 27.57
6.72 78.10 79.18 6.72 78.11 79.18 6.72 78.11 79.18
45.06 51.58 95.50 45.06 51.58 95.50 45.06 51.58 95.50
25.82 35.50 10.54 25.82 35.50 10.54 25.82 35.50 10.54
22.42 23.44 89.81 22.42 23.44 89.81 22.42 23.45 89.81
